5000 0.00273752 0.00121998 5.47503e-07 2.43996e-07
10000 0.00565715 0.00182746 5.65715e-07 1.82746e-07
15000 0.00884232 0.00252611 5.89488e-07 1.68407e-07
20000 0.0141936 0.00427676 7.09678e-07 2.13838e-07
25000 0.0173954 0.00399795 6.95818e-07 1.59918e-07
30000 0.0252416 0.00507973 8.41387e-07 1.69324e-07
35000 0.0315742 0.00697074 9.0212e-07 1.99164e-07
40000 0.0319097 0.00678514 7.97742e-07 1.69629e-07
45000 0.0389111 0.00958656 8.64692e-07 2.13035e-07
50000 0.122587 0.00888796 2.45174e-06 1.77759e-07
